veh_14_cost_dollars,veh_16_co2_gpmi,veh_16_cost_dollars,veh_14_co2_gpmi,bev_share_hauling_frac,bev_hauling_sales,ice_hauling_sales,bev_hauling_cost_dollars,bev_hauling_co2_megagrams,ice_hauling_cost_dollars,ice_hauling_co2_megagrams,hauling_combo_cost_dollars,hauling_combo_co2_megagrams
59703.031160000006,237.604252,45642.73627,42.90317936,0.0,0.0,750024.0,0.0,0.0,34233147628.170483,40251151.27911008,34233147628.170483,40251151.27911008
59703.031160000006,237.604252,45642.73627,42.90317936,0.25,187506.0,562518.0,11194676560.68696,1816994.380612087,25674860721.12786,30188363.459332556,36869537281.81482,32005357.83994464
59703.031160000006,237.604252,45642.73627,42.90317936,0.5,375012.0,375012.0,22389353121.37392,3633988.761224174,17116573814.08524,20125575.63955504,39505926935.45916,23759564.400779217
59703.031160000006,237.604252,45642.73627,42.90317936,0.75,562518.0,187506.0,33584029682.060883,5450983.141836261,8558286907.042621,10062787.81977752,42142316589.1035,15513770.961613782
59703.031160000006,237.604252,45642.73627,42.90317936,1.0,750024.0,0.0,44778706242.74784,7267977.522448348,0.0,0.0,44778706242.74784,7267977.522448348
59703.031160000006,241.56215420576132,45037.07219005328,42.90317936,0.0,0.0,750024.0,0.0,0.0,33778885032.27252,40921636.42022624,33778885032.27252,40921636.42022624
59703.031160000006,241.56215420576132,45037.07219005328,42.90317936,0.25,187506.0,562518.0,11194676560.68696,1816994.380612087,25334163774.20439,30691227.31516968,36528840334.89135,32508221.695781767
59703.031160000006,241.56215420576132,45037.07219005328,42.90317936,0.5,375012.0,375012.0,22389353121.37392,3633988.761224174,16889442516.13626,20460818.21011312,39278795637.51018,24094806.971337292
59703.031160000006,241.56215420576132,45037.07219005328,42.90317936,0.75,562518.0,187506.0,33584029682.060883,5450983.141836261,8444721258.068131,10230409.10505656,42028750940.12901,15681392.24689282
59703.031160000006,245.52005641152263,44431.40811010657,42.90317936,0.0,0.0,750024.0,0.0,0.0,33324622436.37457,41592121.56134241,33324622436.37457,41592121.56134241
59703.031160000006,245.52005641152263,44431.40811010657,42.90317936,0.25,187506.0,562518.0,11194676560.68696,1816994.380612087,24993466827.28093,31194091.171006817,36188143387.96789,33011085.5516189
59703.031160000006,245.52005641152263,44431.40811010657,42.90317936,0.5,375012.0,375012.0,22389353121.37392,3633988.761224174,16662311218.187284,20796060.780671205,39051664339.5612,24430049.54189538
59703.031160000006,245.52005641152263,44431.40811010657,42.90317936,0.75,562518.0,187506.0,33584029682.060883,5450983.141836261,8331155609.093642,10398030.390335605,41915185291.154526,15849013.532171864
59703.031160000006,249.47795861728395,43825.74403015985,42.90317936,0.0,0.0,750024.0,0.0,0.0,32870359840.47661,42262606.702458575,32870359840.47661,42262606.702458575
59703.031160000006,249.47795861728395,43825.74403015985,42.90317936,0.25,187506.0,562518.0,11194676560.68696,1816994.380612087,24652769880.357456,31696955.02684394,35847446441.04442,33513949.407456025
59703.031160000006,249.47795861728395,43825.74403015985,42.90317936,0.5,375012.0,375012.0,22389353121.37392,3633988.761224174,16435179920.238304,21131303.351229288,38824533041.61223,24765292.11245346
59703.031160000006,249.47795861728395,43825.74403015985,42.90317936,0.75,562518.0,187506.0,33584029682.060883,5450983.141836261,8217589960.119152,10565651.675614644,41801619642.18004,16016634.817450903
59703.031160000006,253.4358608230453,43220.079950213134,42.90317936,0.0,0.0,750024.0,0.0,0.0,32416097244.578655,42933091.843574755,32416097244.578655,42933091.843574755
59703.031160000006,253.4358608230453,43220.079950213134,42.90317936,0.25,187506.0,562518.0,11194676560.68696,1816994.380612087,24312072933.43399,32199818.88268107,35506749494.12095,34016813.26329316
59703.031160000006,253.4358608230453,43220.079950213134,42.90317936,0.5,375012.0,375012.0,22389353121.37392,3633988.761224174,16208048622.289328,21466545.921787377,38597401743.663246,25100534.68301155
59703.031160000006,253.4358608230453,43220.079950213134,42.90317936,0.75,562518.0,187506.0,33584029682.060883,5450983.141836261,8104024311.144664,10733272.960893689,41688053993.20554,16184256.10272995
59703.031160000006,257.3937630288066,42614.41587026641,42.90317936,0.0,0.0,750024.0,0.0,0.0,31961834648.6807,43603576.98469092,31961834648.6807,43603576.98469092
59703.031160000006,257.3937630288066,42614.41587026641,42.90317936,0.25,187506.0,562518.0,11194676560.68696,1816994.380612087,23971375986.51052,32702682.738518197,35166052547.19748,34519677.11913028
59703.031160000006,257.3937630288066,42614.41587026641,42.90317936,0.5,375012.0,375012.0,22389353121.37392,3633988.761224174,15980917324.34035,21801788.49234546,38370270445.71427,25435777.253569633
59703.031160000006,257.3937630288066,42614.41587026641,42.90317936,0.75,562518.0,187506.0,33584029682.060883,5450983.141836261,7990458662.170175,10900894.24617273,41574488344.23106,16351877.388008991
59703.031160000006,261.3516652345679,42486.122279075746,42.90317936,0.0,0.0,750024.0,0.0,0.0,31865611376.24151,44274062.1258071,31865611376.24151,44274062.1258071
59703.031160000006,261.3516652345679,42486.122279075746,42.90317936,0.25,187506.0,562518.0,11194676560.68696,1816994.380612087,23899208532.18113,33205546.59435532,35093885092.86809,35022540.97496741
59703.031160000006,261.3516652345679,42486.122279075746,42.90317936,0.5,375012.0,375012.0,22389353121.37392,3633988.761224174,15932805688.120754,22137031.06290355,38322158809.494675,25771019.824127723
59703.031160000006,261.3516652345679,42486.122279075746,42.90317936,0.75,562518.0,187506.0,33584029682.060883,5450983.141836261,7966402844.060377,11068515.531451777,41550432526.12126,16519498.673288036
59703.031160000006,265.3095674403292,42368.285681315414,42.90317936,0.0,0.0,750024.0,0.0,0.0,31777231099.84291,44944547.26692326,31777231099.84291,44944547.26692326
59703.031160000006,265.3095674403292,42368.285681315414,42.90317936,0.25,187506.0,562518.0,11194676560.68696,1816994.380612087,23832923324.882183,33708410.45019245,35027599885.569145,35525404.83080454
59703.031160000006,265.3095674403292,42368.285681315414,42.90317936,0.5,375012.0,375012.0,22389353121.37392,3633988.761224174,15888615549.921455,22472273.63346163,38277968671.29538,26106262.394685805
59703.031160000006,265.3095674403292,42368.285681315414,42.90317936,0.75,562518.0,187506.0,33584029682.060883,5450983.141836261,7944307774.960728,11236136.816730816,41528337457.02161,16687119.958567075
59703.031160000006,269.2674696460905,42250.449083555075,42.90317936,0.0,0.0,750024.0,0.0,0.0,31688850823.444313,45615032.40803943,31688850823.444313,45615032.40803943
59703.031160000006,269.2674696460905,42250.449083555075,42.90317936,0.25,187506.0,562518.0,11194676560.68696,1816994.380612087,23766638117.583233,34211274.30602957,34961314678.270195,36028268.68664166
59703.031160000006,269.2674696460905,42250.449083555075,42.90317936,0.5,375012.0,375012.0,22389353121.37392,3633988.761224174,15844425411.722157,22807516.20401971,38233778533.09608,26441504.965243887
59703.031160000006,269.2674696460905,42250.449083555075,42.90317936,0.75,562518.0,187506.0,33584029682.060883,5450983.141836261,7922212705.861078,11403758.102009855,41506242387.92196,16854741.24384612
59703.031160000006,273.22537185185183,42132.612485794736,42.90317936,0.0,0.0,750024.0,0.0,0.0,31600470547.04571,46285517.54915561,31600470547.04571,46285517.54915561
59703.031160000006,273.22537185185183,42132.612485794736,42.90317936,0.25,187506.0,562518.0,11194676560.68696,1816994.380612087,23700352910.284283,34714138.16186671,34895029470.971245,36531132.5424788
59703.031160000006,273.22537185185183,42132.612485794736,42.90317936,0.5,375012.0,375012.0,22389353121.37392,3633988.761224174,15800235273.522856,23142758.774577804,38189588394.896774,26776747.535801977
59703.031160000006,273.22537185185183,42132.612485794736,42.90317936,0.75,562518.0,187506.0,33584029682.060883,5450983.141836261,7900117636.761428,11571379.387288902,41484147318.82231,17022362.52912516
59778.00293595111,237.604252,45642.73627,42.769958550000005,0.25,187506.0,562518.0,11208734218.50845,1811352.3404005808,25674860721.12786,30188363.459332556,36883594939.63631,31999715.799733136
59778.00293595111,237.604252,45642.73627,42.769958550000005,0.5,375012.0,375012.0,22417468437.0169,3622704.6808011616,17116573814.08524,20125575.63955504,39534042251.10214,23748280.3203562
59778.00293595111,237.604252,45642.73627,42.769958550000005,0.75,562518.0,187506.0,33626202655.525345,5434057.021201742,8558286907.042621,10062787.81977752,42184489562.56796,15496844.840979263
59778.00293595111,237.604252,45642.73627,42.769958550000005,1.0,750024.0,0.0,44834936874.0338,7245409.361602323,0.0,0.0,44834936874.0338,7245409.361602323
59778.00293595111,241.56215420576132,45037.07219005328,42.769958550000005,0.25,187506.0,562518.0,11208734218.50845,1811352.3404005808,25334163774.20439,30691227.31516968,36542897992.712845,32502579.65557026
59778.00293595111,241.56215420576132,45037.07219005328,42.769958550000005,0.5,375012.0,375012.0,22417468437.0169,3622704.6808011616,16889442516.13626,20460818.21011312,39306910953.15316,24083522.89091428
59778.00293595111,241.56215420576132,45037.07219005328,42.769958550000005,0.75,562518.0,187506.0,33626202655.525345,5434057.021201742,8444721258.068131,10230409.10505656,42070923913.593475,15664466.126258302
59778.00293595111,245.52005641152263,44431.40811010657,42.769958550000005,0.25,187506.0,562518.0,11208734218.50845,1811352.3404005808,24993466827.28093,31194091.171006817,36202201045.789375,33005443.51140739
59778.00293595111,245.52005641152263,44431.40811010657,42.769958550000005,0.5,375012.0,375012.0,22417468437.0169,3622704.6808011616,16662311218.187284,20796060.780671205,39079779655.204185,24418765.46147237
59778.00293595111,245.52005641152263,44431.40811010657,42.769958550000005,0.75,562518.0,187506.0,33626202655.525345,5434057.021201742,8331155609.093642,10398030.390335605,41957358264.61899,15832087.411537344
59778.00293595111,249.47795861728395,43825.74403015985,42.769958550000005,0.25,187506.0,562518.0,11208734218.50845,1811352.3404005808,24652769880.357456,31696955.02684394,35861504098.865906,33508307.36724452
59778.00293595111,249.47795861728395,43825.74403015985,42.769958550000005,0.5,375012.0,375012.0,22417468437.0169,3622704.6808011616,16435179920.238304,21131303.351229288,38852648357.2552,24754008.03203045
59778.00293595111,249.47795861728395,43825.74403015985,42.769958550000005,0.75,562518.0,187506.0,33626202655.525345,5434057.021201742,8217589960.119152,10565651.675614644,41843792615.6445,15999708.696816385
59778.00293595111,253.4358608230453,43220.079950213134,42.769958550000005,0.25,187506.0,562518.0,11208734218.50845,1811352.3404005808,24312072933.43399,32199818.88268107,35520807151.942444,34011171.223081656
59778.00293595111,253.4358608230453,43220.079950213134,42.769958550000005,0.5,375012.0,375012.0,22417468437.0169,3622704.6808011616,16208048622.289328,21466545.921787377,38625517059.30623,25089250.602588534
59778.00293595111,253.4358608230453,43220.079950213134,42.769958550000005,0.75,562518.0,187506.0,33626202655.525345,5434057.021201742,8104024311.144664,10733272.960893689,41730226966.670006,16167329.982095432
59778.00293595111,257.3937630288066,42614.41587026641,42.769958550000005,0.25,187506.0,562518.0,11208734218.50845,1811352.3404005808,23971375986.51052,32702682.738518197,35180110205.01897,34514035.07891878
59778.00293595111,257.3937630288066,42614.41587026641,42.769958550000005,0.5,375012.0,375012.0,22417468437.0169,3622704.6808011616,15980917324.34035,21801788.49234546,38398385761.35725,25424493.17314662
59778.00293595111,257.3937630288066,42614.41587026641,42.769958550000005,0.75,562518.0,187506.0,33626202655.525345,5434057.021201742,7990458662.170175,10900894.24617273,41616661317.69552,16334951.26737447
59778.00293595111,261.3516652345679,42486.122279075746,42.769958550000005,0.25,187506.0,562518.0,11208734218.50845,1811352.3404005808,23899208532.18113,33205546.59435532,35107942750.689575,35016898.93475591
59778.00293595111,261.3516652345679,42486.122279075746,42.769958550000005,0.5,375012.0,375012.0,22417468437.0169,3622704.6808011616,15932805688.120754,22137031.06290355,38350274125.13765,25759735.74370471
59778.00293595111,261.3516652345679,42486.122279075746,42.769958550000005,0.75,562518.0,187506.0,33626202655.525345,5434057.021201742,7966402844.060377,11068515.531451777,41592605499.58573,16502572.552653518
59778.00293595111,265.3095674403292,42368.285681315414,42.769958550000005,0.25,187506.0,562518.0,11208734218.50845,1811352.3404005808,23832923324.882183,33708410.45019245,35041657543.39063,35519762.790593036
59778.00293595111,265.3095674403292,42368.285681315414,42.769958550000005,0.5,375012.0,375012.0,22417468437.0169,3622704.6808011616,15888615549.921455,22472273.63346163,38306083986.938354,26094978.314262792
59778.00293595111,265.3095674403292,42368.285681315414,42.769958550000005,0.75,562518.0,187506.0,33626202655.525345,5434057.021201742,7944307774.960728,11236136.816730816,41570510430.48607,16670193.837932557
59778.00293595111,269.2674696460905,42250.449083555075,42.769958550000005,0.25,187506.0,562518.0,11208734218.50845,1811352.3404005808,23766638117.583233,34211274.30602957,34975372336.09168,36022626.64643016
59778.00293595111,269.2674696460905,42250.449083555075,42.769958550000005,0.5,375012.0,375012.0,22417468437.0169,3622704.6808011616,15844425411.722157,22807516.20401971,38261893848.73906,26430220.884820875
59778.00293595111,269.2674696460905,42250.449083555075,42.769958550000005,0.75,562518.0,187506.0,33626202655.525345,5434057.021201742,7922212705.861078,11403758.102009855,41548415361.38642,16837815.1232116
59778.00293595111,273.22537185185183,42132.612485794736,42.769958550000005,0.25,187506.0,562518.0,11208734218.50845,1811352.3404005808,23700352910.284283,34714138.16186671,34909087128.79273,36525490.50226729
59778.00293595111,273.22537185185183,42132.612485794736,42.769958550000005,0.5,375012.0,375012.0,22417468437.0169,3622704.6808011616,15800235273.522856,23142758.774577804,38217703710.53976,26765463.455378965
59778.00293595111,273.22537185185183,42132.612485794736,42.769958550000005,0.75,562518.0,187506.0,33626202655.525345,5434057.021201742,7900117636.761428,11571379.387288902,41526320292.28677,17005436.408490643
59852.974711902214,237.604252,45642.73627,42.63673774,0.25,187506.0,562518.0,11222791876.329935,1805710.300189074,25674860721.12786,30188363.459332556,36897652597.457794,31994073.75952163
59852.974711902214,237.604252,45642.73627,42.63673774,0.5,375012.0,375012.0,22445583752.65987,3611420.600378148,17116573814.08524,20125575.63955504,39562157566.74512,23736996.23993319
59852.974711902214,237.604252,45642.73627,42.63673774,0.75,562518.0,187506.0,33668375628.98981,5417130.900567222,8558286907.042621,10062787.81977752,42226662536.03243,15479918.720344745
59852.974711902214,237.604252,45642.73627,42.63673774,1.0,750024.0,0.0,44891167505.31975,7222841.200756296,0.0,0.0,44891167505.31975,7222841.200756296
59852.974711902214,241.56215420576132,45037.07219005328,42.63673774,0.25,187506.0,562518.0,11222791876.329935,1805710.300189074,25334163774.20439,30691227.31516968,36556955650.53433,32496937.615358755
59852.974711902214,241.56215420576132,45037.07219005328,42.63673774,0.5,375012.0,375012.0,22445583752.65987,3611420.600378148,16889442516.13626,20460818.21011312,39335026268.796135,24072238.810491268
59852.974711902214,241.56215420576132,45037.07219005328,42.63673774,0.75,562518.0,187506.0,33668375628.98981,5417130.900567222,8444721258.068131,10230409.10505656,42113096887.05794,15647540.005623782
59852.974711902214,245.52005641152263,44431.40811010657,42.63673774,0.25,187506.0,562518.0,11222791876.329935,1805710.300189074,24993466827.28093,31194091.171006817,36216258703.61086,32999801.471195888
59852.974711902214,245.52005641152263,44431.40811010657,42.63673774,0.5,375012.0,375012.0,22445583752.65987,3611420.600378148,16662311218.187284,20796060.780671205,39107894970.84716,24407481.381049354
59852.974711902214,245.52005641152263,44431.40811010657,42.63673774,0.75,562518.0,187506.0,33668375628.98981,5417130.900567222,8331155609.093642,10398030.390335605,41999531238.08345,15815161.290902823
59852.974711902214,249.47795861728395,43825.74403015985,42.63673774,0.25,187506.0,562518.0,11222791876.329935,1805710.300189074,24652769880.357456,31696955.02684394,35875561756.68739,33502665.327033013
59852.974711902214,249.47795861728395,43825.74403015985,42.63673774,0.5,375012.0,375012.0,22445583752.65987,3611420.600378148,16435179920.238304,21131303.351229288,38880763672.89818,24742723.951607436
59852.974711902214,249.47795861728395,43825.74403015985,42.63673774,0.75,562518.0,187506.0,33668375628.98981,5417130.900567222,8217589960.119152,10565651.675614644,41885965589.10896,15982782.576181866
59852.974711902214,253.4358608230453,43220.079950213134,42.63673774,0.25,187506.0,562518.0,11222791876.329935,1805710.300189074,24312072933.43399,32199818.88268107,35534864809.76393,34005529.18287014
59852.974711902214,253.4358608230453,43220.079950213134,42.63673774,0.5,375012.0,375012.0,22445583752.65987,3611420.600378148,16208048622.289328,21466545.921787377,38653632374.9492,25077966.52216553
59852.974711902214,253.4358608230453,43220.079950213134,42.63673774,0.75,562518.0,187506.0,33668375628.98981,5417130.900567222,8104024311.144664,10733272.960893689,41772399940.13448,16150403.861460911
59852.974711902214,257.3937630288066,42614.41587026641,42.63673774,0.25,187506.0,562518.0,11222791876.329935,1805710.300189074,23971375986.51052,32702682.738518197,35194167862.840454,34508393.03870727
59852.974711902214,257.3937630288066,42614.41587026641,42.63673774,0.5,375012.0,375012.0,22445583752.65987,3611420.600378148,15980917324.34035,21801788.49234546,38426501077.00022,25413209.092723608
59852.974711902214,257.3937630288066,42614.41587026641,42.63673774,0.75,562518.0,187506.0,33668375628.98981,5417130.900567222,7990458662.170175,10900894.24617273,41658834291.15999,16318025.146739952
59852.974711902214,261.3516652345679,42486.122279075746,42.63673774,0.25,187506.0,562518.0,11222791876.329935,1805710.300189074,23899208532.18113,33205546.59435532,35122000408.51106,35011256.89454439
59852.974711902214,261.3516652345679,42486.122279075746,42.63673774,0.5,375012.0,375012.0,22445583752.65987,3611420.600378148,15932805688.120754,22137031.06290355,38378389440.780624,25748451.663281698
59852.974711902214,261.3516652345679,42486.122279075746,42.63673774,0.75,562518.0,187506.0,33668375628.98981,5417130.900567222,7966402844.060377,11068515.531451777,41634778473.050186,16485646.432018995
59852.974711902214,265.3095674403292,42368.285681315414,42.63673774,0.25,187506.0,562518.0,11222791876.329935,1805710.300189074,23832923324.882183,33708410.45019245,35055715201.21212,35514120.75038152
59852.974711902214,265.3095674403292,42368.285681315414,42.63673774,0.5,375012.0,375012.0,22445583752.65987,3611420.600378148,15888615549.921455,22472273.63346163,38334199302.58133,26083694.23383978
59852.974711902214,265.3095674403292,42368.285681315414,42.63673774,0.75,562518.0,187506.0,33668375628.98981,5417130.900567222,7944307774.960728,11236136.816730816,41612683403.95054,16653267.717298038
59852.974711902214,269.2674696460905,42250.449083555075,42.63673774,0.25,187506.0,562518.0,11222791876.329935,1805710.300189074,23766638117.583233,34211274.30602957,34989429993.91317,36016984.60621864
59852.974711902214,269.2674696460905,42250.449083555075,42.63673774,0.5,375012.0,375012.0,22445583752.65987,3611420.600378148,15844425411.722157,22807516.20401971,38290009164.382034,26418936.804397862
59852.974711902214,269.2674696460905,42250.449083555075,42.63673774,0.75,562518.0,187506.0,33668375628.98981,5417130.900567222,7922212705.861078,11403758.102009855,41590588334.85089,16820889.00257708
59852.974711902214,273.22537185185183,42132.612485794736,42.63673774,0.25,187506.0,562518.0,11222791876.329935,1805710.300189074,23700352910.284283,34714138.16186671,34923144786.61422,36519848.46205578
59852.974711902214,273.22537185185183,42132.612485794736,42.63673774,0.5,375012.0,375012.0,22445583752.65987,3611420.600378148,15800235273.522856,23142758.774577804,38245819026.18273,26754179.374955952
59852.974711902214,273.22537185185183,42132.612485794736,42.63673774,0.75,562518.0,187506.0,33668375628.98981,5417130.900567222,7900117636.761428,11571379.387288902,41568493265.75123,16988510.287856124
59927.94648785332,237.604252,45642.73627,42.50351693,0.25,187506.0,562518.0,11236849534.151424,1800068.259977568,25674860721.12786,30188363.459332556,36911710255.27928,31988431.719310123
59927.94648785332,237.604252,45642.73627,42.50351693,0.5,375012.0,375012.0,22473699068.30285,3600136.519955136,17116573814.08524,20125575.63955504,39590272882.38809,23725712.159510177
59927.94648785332,237.604252,45642.73627,42.50351693,0.75,562518.0,187506.0,33710548602.454273,5400204.779932703,8558286907.042621,10062787.81977752,42268835509.496895,15462992.599710222
59927.94648785332,237.604252,45642.73627,42.50351693,1.0,750024.0,0.0,44947398136.6057,7200273.039910272,0.0,0.0,44947398136.6057,7200273.039910272
59927.94648785332,241.56215420576132,45037.07219005328,42.50351693,0.25,187506.0,562518.0,11236849534.151424,1800068.259977568,25334163774.20439,30691227.31516968,36571013308.35582,32491295.57514725
59927.94648785332,241.56215420576132,45037.07219005328,42.50351693,0.5,375012.0,375012.0,22473699068.30285,3600136.519955136,16889442516.13626,20460818.21011312,39363141584.43911,24060954.730068255
59927.94648785332,241.56215420576132,45037.07219005328,42.50351693,0.75,562518.0,187506.0,33710548602.454273,5400204.779932703,8444721258.068131,10230409.10505656,42155269860.5224,15630613.884989262
59927.94648785332,245.52005641152263,44431.40811010657,42.50351693,0.25,187506.0,562518.0,11236849534.151424,1800068.259977568,24993466827.28093,31194091.171006817,36230316361.43235,32994159.43098438
59927.94648785332,245.52005641152263,44431.40811010657,42.50351693,0.5,375012.0,375012.0,22473699068.30285,3600136.519955136,16662311218.187284,20796060.780671205,39136010286.490135,24396197.30062634
59927.94648785332,245.52005641152263,44431.40811010657,42.50351693,0.75,562518.0,187506.0,33710548602.454273,5400204.779932703,8331155609.093642,10398030.390335605,42041704211.54791,15798235.170268305
59927.94648785332,249.47795861728395,43825.74403015985,42.50351693,0.25,187506.0,562518.0,11236849534.151424,1800068.259977568,24652769880.357456,31696955.02684394,35889619414.50888,33497023.286821507
59927.94648785332,249.47795861728395,43825.74403015985,42.50351693,0.5,375012.0,375012.0,22473699068.30285,3600136.519955136,16435179920.238304,21131303.351229288,38908878988.54115,24731439.871184424
59927.94648785332,249.47795861728395,43825.74403015985,42.50351693,0.75,562518.0,187506.0,33710548602.454273,5400204.779932703,8217589960.119152,10565651.675614644,41928138562.573425,15965856.455547348
59927.94648785332,253.4358608230453,43220.079950213134,42.50351693,0.25,187506.0,562518.0,11236849534.151424,1800068.259977568,24312072933.43399,32199818.88268107,35548922467.58542,33999887.142658636
59927.94648785332,253.4358608230453,43220.079950213134,42.50351693,0.5,375012.0,375012.0,22473699068.30285,3600136.519955136,16208048622.289328,21466545.921787377,38681747690.59218,25066682.441742513
59927.94648785332,253.4358608230453,43220.079950213134,42.50351693,0.75,562518.0,187506.0,33710548602.454273,5400204.779932703,8104024311.144664,10733272.960893689,41814572913.59894,16133477.74082639
59927.94648785332,257.3937630288066,42614.41587026641,42.50351693,0.25,187506.0,562518.0,11236849534.151424,1800068.259977568,23971375986.51052,32702682.738518197,35208225520.66194,34502750.998495765
59927.94648785332,257.3937630288066,42614.41587026641,42.50351693,0.5,375012.0,375012.0,22473699068.30285,3600136.519955136,15980917324.34035,21801788.49234546,38454616392.6432,25401925.012300596
59927.94648785332,257.3937630288066,42614.41587026641,42.50351693,0.75,562518.0,187506.0,33710548602.454273,5400204.779932703,7990458662.170175,10900894.24617273,41701007264.62445,16301099.026105434
59927.94648785332,261.3516652345679,42486.122279075746,42.50351693,0.25,187506.0,562518.0,11236849534.151424,1800068.259977568,23899208532.18113,33205546.59435532,35136058066.33255,35005614.854332894
59927.94648785332,261.3516652345679,42486.122279075746,42.50351693,0.5,375012.0,375012.0,22473699068.30285,3600136.519955136,15932805688.120754,22137031.06290355,38406504756.4236,25737167.582858685
59927.94648785332,261.3516652345679,42486.122279075746,42.50351693,0.75,562518.0,187506.0,33710548602.454273,5400204.779932703,7966402844.060377,11068515.531451777,41676951446.51465,16468720.311384477
59927.94648785332,265.3095674403292,42368.285681315414,42.50351693,0.25,187506.0,562518.0,11236849534.151424,1800068.259977568,23832923324.882183,33708410.45019245,35069772859.03361,35508478.710170016
59927.94648785332,265.3095674403292,42368.285681315414,42.50351693,0.5,375012.0,375012.0,22473699068.30285,3600136.519955136,15888615549.921455,22472273.63346163,38362314618.224304,26072410.153416768
59927.94648785332,265.3095674403292,42368.285681315414,42.50351693,0.75,562518.0,187506.0,33710548602.454273,5400204.779932703,7944307774.960728,11236136.816730816,41654856377.415,16636341.59666352
59927.94648785332,269.2674696460905,42250.449083555075,42.50351693,0.25,187506.0,562518.0,11236849534.151424,1800068.259977568,23766638117.583233,34211274.30602957,35003487651.73466,36011342.56600714
59927.94648785332,269.2674696460905,42250.449083555075,42.50351693,0.5,375012.0,375012.0,22473699068.30285,3600136.519955136,15844425411.722157,22807516.20401971,38318124480.02501,26407652.72397485
59927.94648785332,269.2674696460905,42250.449083555075,42.50351693,0.75,562518.0,187506.0,33710548602.454273,5400204.779932703,7922212705.861078,11403758.102009855,41632761308.31535,16803962.88194256
59927.94648785332,273.22537185185183,42132.612485794736,42.50351693,0.25,187506.0,562518.0,11236849534.151424,1800068.259977568,23700352910.284283,34714138.16186671,34937202444.43571,36514206.421844274
59927.94648785332,273.22537185185183,42132.612485794736,42.50351693,0.5,375012.0,375012.0,22473699068.30285,3600136.519955136,15800235273.522856,23142758.774577804,38273934341.82571,26742895.29453294
59927.94648785332,273.22537185185183,42132.612485794736,42.50351693,0.75,562518.0,187506.0,33710548602.454273,5400204.779932703,7900117636.761428,11571379.387288902,41610666239.2157,16971584.167221606
60002.91826380442,237.604252,45642.73627,42.37029612,0.25,187506.0,562518.0,11250907191.972912,1794426.2197660613,25674860721.12786,30188363.459332556,36925767913.10077,31982789.679098617
60002.91826380442,237.604252,45642.73627,42.37029612,0.5,375012.0,375012.0,22501814383.945824,3588852.4395321226,17116573814.08524,20125575.63955504,39618388198.03107,23714428.079087164
60002.91826380442,237.604252,45642.73627,42.37029612,0.75,562518.0,187506.0,33752721575.918736,5383278.659298183,8558286907.042621,10062787.81977752,42311008482.96136,15446066.479075704
60002.91826380442,237.604252,45642.73627,42.37029612,1.0,750024.0,0.0,45003628767.89165,7177704.879064245,0.0,0.0,45003628767.89165,7177704.879064245
60002.91826380442,241.56215420576132,45037.07219005328,42.37029612,0.25,187506.0,562518.0,11250907191.972912,1794426.2197660613,25334163774.20439,30691227.31516968,36585070966.17731,32485653.534935743
60002.91826380442,241.56215420576132,45037.07219005328,42.37029612,0.5,375012.0,375012.0,22501814383.945824,3588852.4395321226,16889442516.13626,20460818.21011312,39391256900.082085,24049670.649645243
60002.91826380442,241.56215420576132,45037.07219005328,42.37029612,0.75,562518.0,187506.0,33752721575.918736,5383278.659298183,8444721258.068131,10230409.10505656,42197442833.98686,15613687.764354745
60002.91826380442,245.52005641152263,44431.40811010657,42.37029612,0.25,187506.0,562518.0,11250907191.972912,1794426.2197660613,24993466827.28093,31194091.171006817,36244374019.25384,32988517.390772875
60002.91826380442,245.52005641152263,44431.40811010657,42.37029612,0.5,375012.0,375012.0,22501814383.945824,3588852.4395321226,16662311218.187284,20796060.780671205,39164125602.13311,24384913.22020333
60002.91826380442,245.52005641152263,44431.40811010657,42.37029612,0.75,562518.0,187506.0,33752721575.918736,5383278.659298183,8331155609.093642,10398030.390335605,42083877185.012375,15781309.049633786
60002.91826380442,249.47795861728395,43825.74403015985,42.37029612,0.25,187506.0,562518.0,11250907191.972912,1794426.2197660613,24652769880.357456,31696955.02684394,35903677072.33037,33491381.24661
60002.91826380442,249.47795861728395,43825.74403015985,42.37029612,0.5,375012.0,375012.0,22501814383.945824,3588852.4395321226,16435179920.238304,21131303.351229288,38936994304.18413,24720155.79076141
60002.91826380442,249.47795861728395,43825.74403015985,42.37029612,0.75,562518.0,187506.0,33752721575.918736,5383278.659298183,8217589960.119152,10565651.675614644,41970311536.03789,15948930.334912827
60002.91826380442,253.4358608230453,43220.079950213134,42.37029612,0.25,187506.0,562518.0,11250907191.972912,1794426.2197660613,24312072933.43399,32199818.88268107,35562980125.406906,33994245.10244713
60002.91826380442,253.4358608230453,43220.079950213134,42.37029612,0.5,375012.0,375012.0,22501814383.945824,3588852.4395321226,16208048622.289328,21466545.921787377,38709863006.23515,25055398.3613195
60002.91826380442,253.4358608230453,43220.079950213134,42.37029612,0.75,562518.0,187506.0,33752721575.918736,5383278.659298183,8104024311.144664,10733272.960893689,41856745887.0634,16116551.620191872
60002.91826380442,257.3937630288066,42614.41587026641,42.37029612,0.25,187506.0,562518.0,11250907191.972912,1794426.2197660613,23971375986.51052,32702682.738518197,35222283178.48343,34497108.95828426
60002.91826380442,257.3937630288066,42614.41587026641,42.37029612,0.5,375012.0,375012.0,22501814383.945824,3588852.4395321226,15980917324.34035,21801788.49234546,38482731708.28617,25390640.931877583
60002.91826380442,257.3937630288066,42614.41587026641,42.37029612,0.75,562518.0,187506.0,33752721575.918736,5383278.659298183,7990458662.170175,10900894.24617273,41743180238.08891,16284172.905470911
60002.91826380442,261.3516652345679,42486.122279075746,42.37029612,0.25,187506.0,562518.0,11250907191.972912,1794426.2197660613,23899208532.18113,33205546.59435532,35150115724.15404,34999972.81412138
60002.91826380442,261.3516652345679,42486.122279075746,42.37029612,0.5,375012.0,375012.0,22501814383.945824,3588852.4395321226,15932805688.120754,22137031.06290355,38434620072.066574,25725883.502435673
60002.91826380442,261.3516652345679,42486.122279075746,42.37029612,0.75,562518.0,187506.0,33752721575.918736,5383278.659298183,7966402844.060377,11068515.531451777,41719124419.97911,16451794.190749958
60002.91826380442,265.3095674403292,42368.285681315414,42.37029612,0.25,187506.0,562518.0,11250907191.972912,1794426.2197660613,23832923324.882183,33708410.45019245,35083830516.855095,35502836.66995851
60002.91826380442,265.3095674403292,42368.285681315414,42.37029612,0.5,375012.0,375012.0,22501814383.945824,3588852.4395321226,15888615549.921455,22472273.63346163,38390429933.86728,26061126.072993755
60002.91826380442,265.3095674403292,42368.285681315414,42.37029612,0.75,562518.0,187506.0,33752721575.918736,5383278.659298183,7944307774.960728,11236136.816730816,41697029350.87946,16619415.476029
60002.91826380442,269.2674696460905,42250.449083555075,42.37029612,0.25,187506.0,562518.0,11250907191.972912,1794426.2197660613,23766638117.583233,34211274.30602957,35017545309.556145,36005700.52579563
60002.91826380442,269.2674696460905,42250.449083555075,42.37029612,0.5,375012.0,375012.0,22501814383.945824,3588852.4395321226,15844425411.722157,22807516.20401971,38346239795.667984,26396368.64355184
60002.91826380442,269.2674696460905,42250.449083555075,42.37029612,0.75,562518.0,187506.0,33752721575.918736,5383278.659298183,7922212705.861078,11403758.102009855,41674934281.779816,16787036.76130804
60002.91826380442,273.22537185185183,42132.612485794736,42.37029612,0.25,187506.0,562518.0,11250907191.972912,1794426.2197660613,23700352910.284283,34714138.16186671,34951260102.257195,36508564.38163277
60002.91826380442,273.22537185185183,42132.612485794736,42.37029612,0.5,375012.0,375012.0,22501814383.945824,3588852.4395321226,15800235273.522856,23142758.774577804,38302049657.46868,26731611.214109927
60002.91826380442,273.22537185185183,42132.612485794736,42.37029612,0.75,562518.0,187506.0,33752721575.918736,5383278.659298183,7900117636.761428,11571379.387288902,41652839212.68016,16954658.046587087
60077.890039755526,237.604252,45642.73627,42.23707531,0.25,187506.0,562518.0,11264964849.7944,1788784.179554555,25674860721.12786,30188363.459332556,36939825570.92226,31977147.63888711
60077.890039755526,237.604252,45642.73627,42.23707531,0.5,375012.0,375012.0,22529929699.5888,3577568.35910911,17116573814.08524,20125575.63955504,39646503513.67404,23703143.998664152
60077.890039755526,237.604252,45642.73627,42.23707531,0.75,562518.0,187506.0,33794894549.3832,5366352.538663665,8558286907.042621,10062787.81977752,42353181456.42582,15429140.358441183
60077.890039755526,237.604252,45642.73627,42.23707531,1.0,750024.0,0.0,45059859399.1776,7155136.71821822,0.0,0.0,45059859399.1776,7155136.71821822
60077.890039755526,241.56215420576132,45037.07219005328,42.23707531,0.25,187506.0,562518.0,11264964849.7944,1788784.179554555,25334163774.20439,30691227.31516968,36599128623.998795,32480011.494724236
60077.890039755526,241.56215420576132,45037.07219005328,42.23707531,0.5,375012.0,375012.0,22529929699.5888,3577568.35910911,16889442516.13626,20460818.21011312,39419372215.72506,24038386.56922223
60077.890039755526,241.56215420576132,45037.07219005328,42.23707531,0.75,562518.0,187506.0,33794894549.3832,5366352.538663665,8444721258.068131,10230409.10505656,42239615807.451324,15596761.643720224
60077.890039755526,245.52005641152263,44431.40811010657,42.23707531,0.25,187506.0,562518.0,11264964849.7944,1788784.179554555,24993466827.28093,31194091.171006817,36258431677.075325,32982875.35056137
60077.890039755526,245.52005641152263,44431.40811010657,42.23707531,0.5,375012.0,375012.0,22529929699.5888,3577568.35910911,16662311218.187284,20796060.780671205,39192240917.776085,24373629.139780317
60077.890039755526,245.52005641152263,44431.40811010657,42.23707531,0.75,562518.0,187506.0,33794894549.3832,5366352.538663665,8331155609.093642,10398030.390335605,42126050158.47684,15764382.928999268
60077.890039755526,249.47795861728395,43825.74403015985,42.23707531,0.25,187506.0,562518.0,11264964849.7944,1788784.179554555,24652769880.357456,31696955.02684394,35917734730.151855,33485739.206398495
60077.890039755526,249.47795861728395,43825.74403015985,42.23707531,0.5,375012.0,375012.0,22529929699.5888,3577568.35910911,16435179920.238304,21131303.351229288,38965109619.8271,24708871.7103384
60077.890039755526,249.47795861728395,43825.74403015985,42.23707531,0.75,562518.0,187506.0,33794894549.3832,5366352.538663665,8217589960.119152,10565651.675614644,42012484509.50235,15932004.214278309
60077.890039755526,253.4358608230453,43220.079950213134,42.23707531,0.25,187506.0,562518.0,11264964849.7944,1788784.179554555,24312072933.43399,32199818.88268107,35577037783.22839,33988603.06223562
60077.890039755526,253.4358608230453,43220.079950213134,42.23707531,0.5,375012.0,375012.0,22529929699.5888,3577568.35910911,16208048622.289328,21466545.921787377,38737978321.87813,25044114.28089649
60077.890039755526,253.4358608230453,43220.079950213134,42.23707531,0.75,562518.0,187506.0,33794894549.3832,5366352.538663665,8104024311.144664,10733272.960893689,41898918860.52786,16099625.499557354
60077.890039755526,257.3937630288066,42614.41587026641,42.23707531,0.25,187506.0,562518.0,11264964849.7944,1788784.179554555,23971375986.51052,32702682.738518197,35236340836.30492,34491466.91807275
60077.890039755526,257.3937630288066,42614.41587026641,42.23707531,0.5,375012.0,375012.0,22529929699.5888,3577568.35910911,15980917324.34035,21801788.49234546,38510847023.929146,25379356.85145457
60077.890039755526,257.3937630288066,42614.41587026641,42.23707531,0.75,562518.0,187506.0,33794894549.3832,5366352.538663665,7990458662.170175,10900894.24617273,41785353211.553375,16267246.784836397
60077.890039755526,261.3516652345679,42486.122279075746,42.23707531,0.25,187506.0,562518.0,11264964849.7944,1788784.179554555,23899208532.18113,33205546.59435532,35164173381.975525,34994330.773909874
60077.890039755526,261.3516652345679,42486.122279075746,42.23707531,0.5,375012.0,375012.0,22529929699.5888,3577568.35910911,15932805688.120754,22137031.06290355,38462735387.70955,25714599.42201266
60077.890039755526,261.3516652345679,42486.122279075746,42.23707531,0.75,562518.0,187506.0,33794894549.3832,5366352.538663665,7966402844.060377,11068515.531451777,41761297393.44357,16434868.07011544
60077.890039755526,265.3095674403292,42368.285681315414,42.23707531,0.25,187506.0,562518.0,11264964849.7944,1788784.179554555,23832923324.882183,33708410.45019245,35097888174.67658,35497194.629747
60077.890039755526,265.3095674403292,42368.285681315414,42.23707531,0.5,375012.0,375012.0,22529929699.5888,3577568.35910911,15888615549.921455,22472273.63346163,38418545249.510254,26049841.992570743
60077.890039755526,265.3095674403292,42368.285681315414,42.23707531,0.75,562518.0,187506.0,33794894549.3832,5366352.538663665,7944307774.960728,11236136.816730816,41739202324.343925,16602489.35539448
60077.890039755526,269.2674696460905,42250.449083555075,42.23707531,0.25,187506.0,562518.0,11264964849.7944,1788784.179554555,23766638117.583233,34211274.30602957,35031602967.37763,36000058.485584125
60077.890039755526,269.2674696460905,42250.449083555075,42.23707531,0.5,375012.0,375012.0,22529929699.5888,3577568.35910911,15844425411.722157,22807516.20401971,38374355111.31096,26385084.563128825
60077.890039755526,269.2674696460905,42250.449083555075,42.23707531,0.75,562518.0,187506.0,33794894549.3832,5366352.538663665,7922212705.861078,11403758.102009855,41717107255.24428,16770110.640673522
60077.890039755526,273.22537185185183,42132.612485794736,42.23707531,0.25,187506.0,562518.0,11264964849.7944,1788784.179554555,23700352910.284283,34714138.16186671,34965317760.07868,36502922.34142126
60077.890039755526,273.22537185185183,42132.612485794736,42.23707531,0.5,375012.0,375012.0,22529929699.5888,3577568.35910911,15800235273.522856,23142758.774577804,38330164973.11166,26720327.133686915
60077.890039755526,273.22537185185183,42132.612485794736,42.23707531,0.75,562518.0,187506.0,33794894549.3832,5366352.538663665,7900117636.761428,11571379.387288902,41695012186.14462,16937731.92595257
60152.86181570663,237.604252,45642.73627,42.1038545,0.25,187506.0,562518.0,11279022507.615889,1783142.139343049,25674860721.12786,30188363.459332556,36953883228.743744,31971505.598675605
60152.86181570663,237.604252,45642.73627,42.1038545,0.5,375012.0,375012.0,22558045015.231773,3566284.278686098,17116573814.08524,20125575.63955504,39674618829.31702,23691859.91824114
60152.86181570663,237.604252,45642.73627,42.1038545,0.75,562518.0,187506.0,33837067522.847664,5349426.418029145,8558286907.042621,10062787.81977752,42395354429.89028,15412214.237806669
60152.86181570663,237.604252,45642.73627,42.1038545,1.0,750024.0,0.0,45116090030.46355,7132568.557372195,0.0,0.0,45116090030.46355,7132568.557372195
60152.86181570663,241.56215420576132,45037.07219005328,42.1038545,0.25,187506.0,562518.0,11279022507.615889,1783142.139343049,25334163774.20439,30691227.31516968,36613186281.82028,32474369.45451273
60152.86181570663,241.56215420576132,45037.07219005328,42.1038545,0.5,375012.0,375012.0,22558045015.231773,3566284.278686098,16889442516.13626,20460818.21011312,39447487531.368034,24027102.488799214
60152.86181570663,241.56215420576132,45037.07219005328,42.1038545,0.75,562518.0,187506.0,33837067522.847664,5349426.418029145,8444721258.068131,10230409.10505656,42281788780.915794,15579835.523085706
60152.86181570663,245.52005641152263,44431.40811010657,42.1038545,0.25,187506.0,562518.0,11279022507.615889,1783142.139343049,24993466827.28093,31194091.171006817,36272489334.89681,32977233.310349863
60152.86181570663,245.52005641152263,44431.40811010657,42.1038545,0.5,375012.0,375012.0,22558045015.231773,3566284.278686098,16662311218.187284,20796060.780671205,39220356233.41906,24362345.059357304
60152.86181570663,245.52005641152263,44431.40811010657,42.1038545,0.75,562518.0,187506.0,33837067522.847664,5349426.418029145,8331155609.093642,10398030.390335605,42168223131.94131,15747456.808364747
60152.86181570663,249.47795861728395,43825.74403015985,42.1038545,0.25,187506.0,562518.0,11279022507.615889,1783142.139343049,24652769880.357456,31696955.02684394,35931792387.97334,33480097.16618699
60152.86181570663,249.47795861728395,43825.74403015985,42.1038545,0.5,375012.0,375012.0,22558045015.231773,3566284.278686098,16435179920.238304,21131303.351229288,38993224935.47008,24697587.629915383
60152.86181570663,249.47795861728395,43825.74403015985,42.1038545,0.75,562518.0,187506.0,33837067522.847664,5349426.418029145,8217589960.119152,10565651.675614644,42054657482.96681,15915078.093643788
60152.86181570663,253.4358608230453,43220.079950213134,42.1038545,0.25,187506.0,562518.0,11279022507.615889,1783142.139343049,24312072933.43399,32199818.88268107,35591095441.04988,33982961.02202412
60152.86181570663,253.4358608230453,43220.079950213134,42.1038545,0.5,375012.0,375012.0,22558045015.231773,3566284.278686098,16208048622.289328,21466545.921787377,38766093637.5211,25032830.200473476
60152.86181570663,253.4358608230453,43220.079950213134,42.1038545,0.75,562518.0,187506.0,33837067522.847664,5349426.418029145,8104024311.144664,10733272.960893689,41941091833.992325,16082699.378922837
60152.86181570663,257.3937630288066,42614.41587026641,42.1038545,0.25,187506.0,562518.0,11279022507.615889,1783142.139343049,23971375986.51052,32702682.738518197,35250398494.1264,34485824.87786125
60152.86181570663,257.3937630288066,42614.41587026641,42.1038545,0.5,375012.0,375012.0,22558045015.231773,3566284.278686098,15980917324.34035,21801788.49234546,38538962339.57212,25368072.77103156
60152.86181570663,257.3937630288066,42614.41587026641,42.1038545,0.75,562518.0,187506.0,33837067522.847664,5349426.418029145,7990458662.170175,10900894.24617273,41827526185.01784,16250320.664201874
60152.86181570663,261.3516652345679,42486.122279075746,42.1038545,0.25,187506.0,562518.0,11279022507.615889,1783142.139343049,23899208532.18113,33205546.59435532,35178231039.79701,34988688.73369837
60152.86181570663,261.3516652345679,42486.122279075746,42.1038545,0.5,375012.0,375012.0,22558045015.231773,3566284.278686098,15932805688.120754,22137031.06290355,38490850703.35252,25703315.34158965
60152.86181570663,261.3516652345679,42486.122279075746,42.1038545,0.75,562518.0,187506.0,33837067522.847664,5349426.418029145,7966402844.060377,11068515.531451777,41803470366.90804,16417941.94948092
60152.86181570663,265.3095674403292,42368.285681315414,42.1038545,0.25,187506.0,562518.0,11279022507.615889,1783142.139343049,23832923324.882183,33708410.45019245,35111945832.49807,35491552.5895355
60152.86181570663,265.3095674403292,42368.285681315414,42.1038545,0.5,375012.0,375012.0,22558045015.231773,3566284.278686098,15888615549.921455,22472273.63346163,38446660565.15323,26038557.91214773
60152.86181570663,265.3095674403292,42368.285681315414,42.1038545,0.75,562518.0,187506.0,33837067522.847664,5349426.418029145,7944307774.960728,11236136.816730816,41781375297.808395,16585563.23475996
60152.86181570663,269.2674696460905,42250.449083555075,42.1038545,0.25,187506.0,562518.0,11279022507.615889,1783142.139343049,23766638117.583233,34211274.30602957,35045660625.19912,35994416.44537262
60152.86181570663,269.2674696460905,42250.449083555075,42.1038545,0.5,375012.0,375012.0,22558045015.231773,3566284.278686098,15844425411.722157,22807516.20401971,38402470426.95393,26373800.482705813
60152.86181570663,269.2674696460905,42250.449083555075,42.1038545,0.75,562518.0,187506.0,33837067522.847664,5349426.418029145,7922212705.861078,11403758.102009855,41759280228.70874,16753184.520039003
60152.86181570663,273.22537185185183,42132.612485794736,42.1038545,0.25,187506.0,562518.0,11279022507.615889,1783142.139343049,23700352910.284283,34714138.16186671,34979375417.90017,36497280.301209755
60152.86181570663,273.22537185185183,42132.612485794736,42.1038545,0.5,375012.0,375012.0,22558045015.231773,3566284.278686098,15800235273.522856,23142758.774577804,38358280288.75463,26709043.053263903
60152.86181570663,273.22537185185183,42132.612485794736,42.1038545,0.75,562518.0,187506.0,33837067522.847664,5349426.418029145,7900117636.761428,11571379.387288902,41737185159.60909,16920805.805318046
60227.833591657734,237.604252,45642.73627,41.97063369,0.25,187506.0,562518.0,11293080165.437376,1777500.0991315425,25674860721.12786,30188363.459332556,36967940886.56524,31965863.5584641
60227.833591657734,237.604252,45642.73627,41.97063369,0.5,375012.0,375012.0,22586160330.874752,3555000.1982630845,17116573814.08524,20125575.63955504,39702734144.95999,23680575.837818123
60227.833591657734,237.604252,45642.73627,41.97063369,0.75,562518.0,187506.0,33879240496.312126,5332500.297394627,8558286907.042621,10062787.81977752,42437527403.354744,15395288.117172148
60227.833591657734,237.604252,45642.73627,41.97063369,1.0,750024.0,0.0,45172320661.749504,7110000.396526169,0.0,0.0,45172320661.749504,7110000.396526169
60227.833591657734,241.56215420576132,45037.07219005328,41.97063369,0.25,187506.0,562518.0,11293080165.437376,1777500.0991315425,25334163774.20439,30691227.31516968,36627243939.64177,32468727.414301224
60227.833591657734,241.56215420576132,45037.07219005328,41.97063369,0.5,375012.0,375012.0,22586160330.874752,3555000.1982630845,16889442516.13626,20460818.21011312,39475602847.01102,24015818.4083762
60227.833591657734,241.56215420576132,45037.07219005328,41.97063369,0.75,562518.0,187506.0,33879240496.312126,5332500.297394627,8444721258.068131,10230409.10505656,42323961754.38026,15562909.402451187
60227.833591657734,245.52005641152263,44431.40811010657,41.97063369,0.25,187506.0,562518.0,11293080165.437376,1777500.0991315425,24993466827.28093,31194091.171006817,36286546992.7183,32971591.270138357
60227.833591657734,245.52005641152263,44431.40811010657,41.97063369,0.5,375012.0,375012.0,22586160330.874752,3555000.1982630845,16662311218.187284,20796060.780671205,39248471549.062035,24351060.978934288
60227.833591657734,245.52005641152263,44431.40811010657,41.97063369,0.75,562518.0,187506.0,33879240496.312126,5332500.297394627,8331155609.093642,10398030.390335605,42210396105.40577,15730530.68773023
60227.833591657734,249.47795861728395,43825.74403015985,41.97063369,0.25,187506.0,562518.0,11293080165.437376,1777500.0991315425,24652769880.357456,31696955.02684394,35945850045.79483,33474455.12597548
60227.833591657734,249.47795861728395,43825.74403015985,41.97063369,0.5,375012.0,375012.0,22586160330.874752,3555000.1982630845,16435179920.238304,21131303.351229288,39021340251.11305,24686303.549492378
60227.833591657734,249.47795861728395,43825.74403015985,41.97063369,0.75,562518.0,187506.0,33879240496.312126,5332500.297394627,8217589960.119152,10565651.675614644,42096830456.431274,15898151.97300927
60227.833591657734,253.4358608230453,43220.079950213134,41.97063369,0.25,187506.0,562518.0,11293080165.437376,1777500.0991315425,24312072933.43399,32199818.88268107,35605153098.87137,33977318.98181261
60227.833591657734,253.4358608230453,43220.079950213134,41.97063369,0.5,375012.0,375012.0,22586160330.874752,3555000.1982630845,16208048622.289328,21466545.921787377,38794208953.16408,25021546.12005046
60227.833591657734,253.4358608230453,43220.079950213134,41.97063369,0.75,562518.0,187506.0,33879240496.312126,5332500.297394627,8104024311.144664,10733272.960893689,41983264807.45679,16065773.258288316
60227.833591657734,257.3937630288066,42614.41587026641,41.97063369,0.25,187506.0,562518.0,11293080165.437376,1777500.0991315425,23971375986.51052,32702682.738518197,35264456151.9479,34480182.83764974
60227.833591657734,257.3937630288066,42614.41587026641,41.97063369,0.5,375012.0,375012.0,22586160330.874752,3555000.1982630845,15980917324.34035,21801788.49234546,38567077655.2151,25356788.690608542
60227.833591657734,257.3937630288066,42614.41587026641,41.97063369,0.75,562518.0,187506.0,33879240496.312126,5332500.297394627,7990458662.170175,10900894.24617273,41869699158.4823,16233394.543567356
60227.833591657734,261.3516652345679,42486.122279075746,41.97063369,0.25,187506.0,562518.0,11293080165.437376,1777500.0991315425,23899208532.18113,33205546.59435532,35192288697.61851,34983046.69348686
60227.833591657734,261.3516652345679,42486.122279075746,41.97063369,0.5,375012.0,375012.0,22586160330.874752,3555000.1982630845,15932805688.120754,22137031.06290355,38518966018.99551,25692031.261166632
60227.833591657734,261.3516652345679,42486.122279075746,41.97063369,0.75,562518.0,187506.0,33879240496.312126,5332500.297394627,7966402844.060377,11068515.531451777,41845643340.372505,16401015.828846402
60227.833591657734,265.3095674403292,42368.285681315414,41.97063369,0.25,187506.0,562518.0,11293080165.437376,1777500.0991315425,23832923324.882183,33708410.45019245,35126003490.31956,35485910.54932399
60227.833591657734,265.3095674403292,42368.285681315414,41.97063369,0.5,375012.0,375012.0,22586160330.874752,3555000.1982630845,15888615549.921455,22472273.63346163,38474775880.7962,26027273.83172472
60227.833591657734,265.3095674403292,42368.285681315414,41.97063369,0.75,562518.0,187506.0,33879240496.312126,5332500.297394627,7944307774.960728,11236136.816730816,41823548271.27286,16568637.114125442
60227.833591657734,269.2674696460905,42250.449083555075,41.97063369,0.25,187506.0,562518.0,11293080165.437376,1777500.0991315425,23766638117.583233,34211274.30602957,35059718283.02061,35988774.40516111
60227.833591657734,269.2674696460905,42250.449083555075,41.97063369,0.5,375012.0,375012.0,22586160330.874752,3555000.1982630845,15844425411.722157,22807516.20401971,38430585742.59691,26362516.402282797
60227.833591657734,269.2674696460905,42250.449083555075,41.97063369,0.75,562518.0,187506.0,33879240496.312126,5332500.297394627,7922212705.861078,11403758.102009855,41801453202.1732,16736258.399404485
60227.833591657734,273.22537185185183,42132.612485794736,41.97063369,0.25,187506.0,562518.0,11293080165.437376,1777500.0991315425,23700352910.284283,34714138.16186671,34993433075.72166,36491638.26099825
60227.833591657734,273.22537185185183,42132.612485794736,41.97063369,0.5,375012.0,375012.0,22586160330.874752,3555000.1982630845,15800235273.522856,23142758.774577804,38386395604.397606,26697758.97284089
60227.833591657734,273.22537185185183,42132.612485794736,41.97063369,0.75,562518.0,187506.0,33879240496.312126,5332500.297394627,7900117636.761428,11571379.387288902,41779358133.073555,16903879.684683528
60302.80536760884,237.604252,45642.73627,41.837412879999995,0.25,187506.0,562518.0,11307137823.258863,1771858.0589200356,25674860721.12786,30188363.459332556,36981998544.38673,31960221.518252593
60302.80536760884,237.604252,45642.73627,41.837412879999995,0.5,375012.0,375012.0,22614275646.517727,3543716.117840071,17116573814.08524,20125575.63955504,39730849460.60297,23669291.75739511
60302.80536760884,237.604252,45642.73627,41.837412879999995,0.75,562518.0,187506.0,33921413469.77659,5315574.176760106,8558286907.042621,10062787.81977752,42479700376.81921,15378361.996537626
60302.80536760884,237.604252,45642.73627,41.837412879999995,1.0,750024.0,0.0,45228551293.03545,7087432.235680142,0.0,0.0,45228551293.03545,7087432.235680142
60302.80536760884,241.56215420576132,45037.07219005328,41.837412879999995,0.25,187506.0,562518.0,11307137823.258863,1771858.0589200356,25334163774.20439,30691227.31516968,36641301597.46326,32463085.37408972
60302.80536760884,241.56215420576132,45037.07219005328,41.837412879999995,0.5,375012.0,375012.0,22614275646.517727,3543716.117840071,16889442516.13626,20460818.21011312,39503718162.65399,24004534.32795319
60302.80536760884,241.56215420576132,45037.07219005328,41.837412879999995,0.75,562518.0,187506.0,33921413469.77659,5315574.176760106,8444721258.068131,10230409.10505656,42366134727.84472,15545983.281816663
60302.80536760884,245.52005641152263,44431.40811010657,41.837412879999995,0.25,187506.0,562518.0,11307137823.258863,1771858.0589200356,24993466827.28093,31194091.171006817,36300604650.53979,32965949.22992685
60302.80536760884,245.52005641152263,44431.40811010657,41.837412879999995,0.5,375012.0,375012.0,22614275646.517727,3543716.117840071,16662311218.187284,20796060.780671205,39276586864.70501,24339776.898511276
60302.80536760884,245.52005641152263,44431.40811010657,41.837412879999995,0.75,562518.0,187506.0,33921413469.77659,5315574.176760106,8331155609.093642,10398030.390335605,42252569078.87023,15713604.567095708
60302.80536760884,249.47795861728395,43825.74403015985,41.837412879999995,0.25,187506.0,562518.0,11307137823.258863,1771858.0589200356,24652769880.357456,31696955.02684394,35959907703.61632,33468813.085763976
60302.80536760884,249.47795861728395,43825.74403015985,41.837412879999995,0.5,375012.0,375012.0,22614275646.517727,3543716.117840071,16435179920.238304,21131303.351229288,39049455566.75603,24675019.46906936
60302.80536760884,249.47795861728395,43825.74403015985,41.837412879999995,0.75,562518.0,187506.0,33921413469.77659,5315574.176760106,8217589960.119152,10565651.675614644,42139003429.89574,15881225.852374751
60302.80536760884,253.4358608230453,43220.079950213134,41.837412879999995,0.25,187506.0,562518.0,11307137823.258863,1771858.0589200356,24312072933.43399,32199818.88268107,35619210756.692856,33971676.941601105
60302.80536760884,253.4358608230453,43220.079950213134,41.837412879999995,0.5,375012.0,375012.0,22614275646.517727,3543716.117840071,16208048622.289328,21466545.921787377,38822324268.80705,25010262.039627448
60302.80536760884,253.4358608230453,43220.079950213134,41.837412879999995,0.75,562518.0,187506.0,33921413469.77659,5315574.176760106,8104024311.144664,10733272.960893689,42025437780.92125,16048847.137653794
60302.80536760884,257.3937630288066,42614.41587026641,41.837412879999995,0.25,187506.0,562518.0,11307137823.258863,1771858.0589200356,23971375986.51052,32702682.738518197,35278513809.76939,34474540.797438234
60302.80536760884,257.3937630288066,42614.41587026641,41.837412879999995,0.5,375012.0,375012.0,22614275646.517727,3543716.117840071,15980917324.34035,21801788.49234546,38595192970.85808,25345504.61018553
60302.80536760884,257.3937630288066,42614.41587026641,41.837412879999995,0.75,562518.0,187506.0,33921413469.77659,5315574.176760106,7990458662.170175,10900894.24617273,41911872131.94676,16216468.422932835
60302.80536760884,261.3516652345679,42486.122279075746,41.837412879999995,0.25,187506.0,562518.0,11307137823.258863,1771858.0589200356,23899208532.18113,33205546.59435532,35206346355.439995,34977404.653275356
60302.80536760884,261.3516652345679,42486.122279075746,41.837412879999995,0.5,375012.0,375012.0,22614275646.517727,3543716.117840071,15932805688.120754,22137031.06290355,38547081334.63848,25680747.18074362
60302.80536760884,261.3516652345679,42486.122279075746,41.837412879999995,0.75,562518.0,187506.0,33921413469.77659,5315574.176760106,7966402844.060377,11068515.531451777,41887816313.83697,16384089.70821188
60302.80536760884,265.3095674403292,42368.285681315414,41.837412879999995,0.25,187506.0,562518.0,11307137823.258863,1771858.0589200356,23832923324.882183,33708410.45019245,35140061148.141045,35480268.509112485
60302.80536760884,265.3095674403292,42368.285681315414,41.837412879999995,0.5,375012.0,375012.0,22614275646.517727,3543716.117840071,15888615549.921455,22472273.63346163,38502891196.43918,26015989.751301706
60302.80536760884,265.3095674403292,42368.285681315414,41.837412879999995,0.75,562518.0,187506.0,33921413469.77659,5315574.176760106,7944307774.960728,11236136.816730816,41865721244.73732,16551710.993490923
60302.80536760884,269.2674696460905,42250.449083555075,41.837412879999995,0.25,187506.0,562518.0,11307137823.258863,1771858.0589200356,23766638117.583233,34211274.30602957,35073775940.842094,35983132.36494961
60302.80536760884,269.2674696460905,42250.449083555075,41.837412879999995,0.5,375012.0,375012.0,22614275646.517727,3543716.117840071,15844425411.722157,22807516.20401971,38458701058.23988,26351232.321859784
60302.80536760884,269.2674696460905,42250.449083555075,41.837412879999995,0.75,562518.0,187506.0,33921413469.77659,5315574.176760106,7922212705.861078,11403758.102009855,41843626175.637665,16719332.278769962
60302.80536760884,273.22537185185183,42132.612485794736,41.837412879999995,0.25,187506.0,562518.0,11307137823.258863,1771858.0589200356,23700352910.284283,34714138.16186671,35007490733.543144,36485996.22078674
60302.80536760884,273.22537185185183,42132.612485794736,41.837412879999995,0.5,375012.0,375012.0,22614275646.517727,3543716.117840071,15800235273.522856,23142758.774577804,38414510920.04058,26686474.89241787
60302.80536760884,273.22537185185183,42132.612485794736,41.837412879999995,0.75,562518.0,187506.0,33921413469.77659,5315574.176760106,7900117636.761428,11571379.387288902,41821531106.53802,16886953.56404901
60377.77714355994,237.604252,45642.73627,41.70419207,0.25,187506.0,562518.0,11321195481.08035,1766216.0187085292,25674860721.12786,30188363.459332556,36996056202.20821,31954579.478041086
60377.77714355994,237.604252,45642.73627,41.70419207,0.5,375012.0,375012.0,22642390962.1607,3532432.0374170584,17116573814.08524,20125575.63955504,39758964776.24594,23658007.6769721
60377.77714355994,237.604252,45642.73627,41.70419207,0.75,562518.0,187506.0,33963586443.24105,5298648.056125588,8558286907.042621,10062787.81977752,42521873350.28367,15361435.875903107
60377.77714355994,237.604252,45642.73627,41.70419207,1.0,750024.0,0.0,45284781924.3214,7064864.074834117,0.0,0.0,45284781924.3214,7064864.074834117
60377.77714355994,241.56215420576132,45037.07219005328,41.70419207,0.25,187506.0,562518.0,11321195481.08035,1766216.0187085292,25334163774.20439,30691227.31516968,36655359255.284744,32457443.33387821
60377.77714355994,241.56215420576132,45037.07219005328,41.70419207,0.5,375012.0,375012.0,22642390962.1607,3532432.0374170584,16889442516.13626,20460818.21011312,39531833478.29697,23993250.247530177
60377.77714355994,241.56215420576132,45037.07219005328,41.70419207,0.75,562518.0,187506.0,33963586443.24105,5298648.056125588,8444721258.068131,10230409.10505656,42408307701.30918,15529057.161182148
60377.77714355994,245.52005641152263,44431.40811010657,41.70419207,0.25,187506.0,562518.0,11321195481.08035,1766216.0187085292,24993466827.28093,31194091.171006817,36314662308.361275,32960307.189715344
60377.77714355994,245.52005641152263,44431.40811010657,41.70419207,0.5,375012.0,375012.0,22642390962.1607,3532432.0374170584,16662311218.187284,20796060.780671205,39304702180.347984,24328492.818088263
60377.77714355994,245.52005641152263,44431.40811010657,41.70419207,0.75,562518.0,187506.0,33963586443.24105,5298648.056125588,8331155609.093642,10398030.390335605,42294742052.334694,15696678.44646119
60377.77714355994,249.47795861728395,43825.74403015985,41.70419207,0.25,187506.0,562518.0,11321195481.08035,1766216.0187085292,24652769880.357456,31696955.02684394,35973965361.437805,33463171.04555247
60377.77714355994,249.47795861728395,43825.74403015985,41.70419207,0.5,375012.0,375012.0,22642390962.1607,3532432.0374170584,16435179920.238304,21131303.351229288,39077570882.399,24663735.388646346
60377.77714355994,249.47795861728395,43825.74403015985,41.70419207,0.75,562518.0,187506.0,33963586443.24105,5298648.056125588,8217589960.119152,10565651.675614644,42181176403.3602,15864299.731740233
60377.77714355994,253.4358608230453,43220.079950213134,41.70419207,0.25,187506.0,562518.0,11321195481.08035,1766216.0187085292,24312072933.43399,32199818.88268107,35633268414.51434,33966034.9013896
60377.77714355994,253.4358608230453,43220.079950213134,41.70419207,0.5,375012.0,375012.0,22642390962.1607,3532432.0374170584,16208048622.289328,21466545.921787377,38850439584.45003,24998977.959204435
60377.77714355994,253.4358608230453,43220.079950213134,41.70419207,0.75,562518.0,187506.0,33963586443.24105,5298648.056125588,8104024311.144664,10733272.960893689,42067610754.38571,16031921.017019276
60377.77714355994,257.3937630288066,42614.41587026641,41.70419207,0.25,187506.0,562518.0,11321195481.08035,1766216.0187085292,23971375986.51052,32702682.738518197,35292571467.59087,34468898.75722673
60377.77714355994,257.3937630288066,42614.41587026641,41.70419207,0.5,375012.0,375012.0,22642390962.1607,3532432.0374170584,15980917324.34035,21801788.49234546,38623308286.50105,25334220.52976252
60377.77714355994,257.3937630288066,42614.41587026641,41.70419207,0.75,562518.0,187506.0,33963586443.24105,5298648.056125588,7990458662.170175,10900894.24617273,41954045105.411224,16199542.30229832
60377.77714355994,261.3516652345679,42486.122279075746,41.70419207,0.25,187506.0,562518.0,11321195481.08035,1766216.0187085292,23899208532.18113,33205546.59435532,35220404013.26148,34971762.61306385
60377.77714355994,261.3516652345679,42486.122279075746,41.70419207,0.5,375012.0,375012.0,22642390962.1607,3532432.0374170584,15932805688.120754,22137031.06290355,38575196650.281456,25669463.100320607
60377.77714355994,261.3516652345679,42486.122279075746,41.70419207,0.75,562518.0,187506.0,33963586443.24105,5298648.056125588,7966402844.060377,11068515.531451777,41929989287.30143,16367163.587577362
60377.77714355994,265.3095674403292,42368.285681315414,41.70419207,0.25,187506.0,562518.0,11321195481.08035,1766216.0187085292,23832923324.882183,33708410.45019245,35154118805.96253,35474626.46890098
60377.77714355994,265.3095674403292,42368.285681315414,41.70419207,0.5,375012.0,375012.0,22642390962.1607,3532432.0374170584,15888615549.921455,22472273.63346163,38531006512.08215,26004705.67087869
60377.77714355994,265.3095674403292,42368.285681315414,41.70419207,0.75,562518.0,187506.0,33963586443.24105,5298648.056125588,7944307774.960728,11236136.816730816,41907894218.20178,16534784.872856405
60377.77714355994,269.2674696460905,42250.449083555075,41.70419207,0.25,187506.0,562518.0,11321195481.08035,1766216.0187085292,23766638117.583233,34211274.30602957,35087833598.66358,35977490.3247381
60377.77714355994,269.2674696460905,42250.449083555075,41.70419207,0.5,375012.0,375012.0,22642390962.1607,3532432.0374170584,15844425411.722157,22807516.20401971,38486816373.88286,26339948.241436772
60377.77714355994,269.2674696460905,42250.449083555075,41.70419207,0.75,562518.0,187506.0,33963586443.24105,5298648.056125588,7922212705.861078,11403758.102009855,41885799149.10213,16702406.158135444
60377.77714355994,273.22537185185183,42132.612485794736,41.70419207,0.25,187506.0,562518.0,11321195481.08035,1766216.0187085292,23700352910.284283,34714138.16186671,35021548391.36463,36480354.18057524
60377.77714355994,273.22537185185183,42132.612485794736,41.70419207,0.5,375012.0,375012.0,22642390962.1607,3532432.0374170584,15800235273.522856,23142758.774577804,38442626235.683556,26675190.81199486
60377.77714355994,273.22537185185183,42132.612485794736,41.70419207,0.75,562518.0,187506.0,33963586443.24105,5298648.056125588,7900117636.761428,11571379.387288902,41863704080.00248,16870027.44341449
